OPENWEATHER_API_KEY=a4f1d5abfe19fb843777e73eb485514f
TELEGRAM_TOKEN=8428433753:AAFSF8mQzJvLP8Ixd6fi0VR5sKnG0EdumHM
CHAT_ID=-4938171323
LAT=2.8389684
LON=101.6957158